b"{'ENE', 1738482438.231, -398795, -399442, -400241, -400814, -400303, -398547, -399922, -399967, -398354, -399966, -399673, -399118, -399460, -399859, -399470, -397806, -398170, -397641, -399682, -399730, -399437, -400032, -399235, -400527, -399745}"
b"{'EHZ', 1738482438.481, 16356, 16294, 16253, 16286, 16248, 16219, 16202, 16203, 16232, 16188, 16181, 16256, 16257, 16202, 16229, 16253, 16285, 16273, 16214, 16256, 16262, 16220, 16245, 16276, 16242}"
b"{'ENN', 1738482438.481, -272469, -271713, -272719, -271690, -273355, -271860, -269460, -273810, -270352, -268934, -272885, -270953, -269493, -271155, -271403, -271714, -271121, -271518, -271658, -268878, -268933, -271019, -269504, -269268, -271034}"
b"{'ENZ', 1738482438.481, 3603122, 3603887, 3603587, 3603964, 3603857, 3604433, 3603372, 3602940, 3605397, 3604406, 3603781, 3605346, 3605414, 3604292, 3604506, 3604416, 3604155, 3603168, 3603515, 3604928, 3604398, 3604968, 3605386, 3603592, 3602997}"
b"{'ENE', 1738482438.481, -401417, -401332, -400369, -400482, -400623, -400360, -400118, -401860, -397841, -398206, -402743, -400058, -400123, -402294, -400686, -400970, -399324, -396911, -399363, -399805, -399135, -399838, -398116, -399839, -401144}"
b"{'EHZ', 1738482438.731, 16229, 16191, 16213, 16307, 16282, 16253, 16311, 16344, 16304, 16264, 16250, 16266, 16234, 16205, 16257, 16302, 16285, 16238, 16254, 16255, 16218, 16213, 16253, 16269, 16264}"
b"{'ENN', 1738482438.731, -269206, -270957, -271086, -269840, -271354, -271600, -272864, -270215, -270781, -274193, -271650, -272374, -272879, -270308, -271088, -270012, -270043, -271897, -270296, -271041, -270066, -271030, -273908, -272047, -272607}"
b"{'ENZ', 1738482438.731, 3604303, 3603498, 3604130, 3604735, 3604845, 3604522, 3603740, 3605971, 3604935, 3603054, 3604516, 3604613, 3603689, 3603926, 3603816, 3603635, 3603193, 3602578, 3603347, 3603637, 3603128, 3603921, 3604311, 3604287, 3604003}"
b"{'ENE', 1738482438.731, -398069, -400651, -399706, -398440, -400653, -400103, -399824, -397809, -399017, -401246, -401319, -399330, -399884, -399393, -397918, -400922, -400118, -400240, -399231, -398900, -399956, -399852, -401753, -399855, -402214}"
b"{'EHZ', 1738482438.981, 16204, 16228, 16318, 16250, 16157, 16269, 16363, 16191, 16205, 16312, 16302, 16221, 16230, 16255, 16280, 16226, 16132, 16282, 16238, 16295, 16260, 16234, 16332, 16227, 16191}"
b"{'ENN', 1738482438.981, -271874, -270889, -272203, -271200, -271279, -271891, -270549, -272106, -271653, -270171, -270605, -271039, -273730, -273389, -270146, -270179, -271015, -272564, -271910, -268287, -271838, -273695, -272313, -271745, -271408}"
b"{'ENZ', 1738482438.981, 3603768, 3604350, 3604541, 3604513, 3603792, 3604110, 3605059, 3603500, 3602734, 3603879, 3604421, 3604202, 3603690, 3604645, 3605118, 3604870, 3604024, 3604125, 3605447, 3604744, 3603885, 3603955, 3604084, 3603105, 3604089}"
b"{'ENE', 1738482438.981, -401811, -398346, -400716, -401195, -402141, -399930, -399683, -401338, -399452, -399828, -398814, -400217, -403146, -401925, -400242, -398965, -399517, -400406, -399210, -399049, -400579, -401221, -400361, -400044, -398493}"
b"{'EHZ', 1738482439.231, 16179, 16179, 16229, 16245, 16273, 16287, 16247, 16231, 16213, 16315, 16303, 16254, 16236, 16311, 16346, 16292, 16222, 16181, 16195, 16115, 16232, 16292, 16271, 16231, 16223}"
b"{'ENN', 1738482439.231, -269904, -268439, -271483, -270251, -269960, -272027, -272209, -269999, -268263, -272101, -272085, -270567, -271761, -269532, -271177, -270390, -268990, -271845, -270152, -271228, -271677, -269298, -269617, -271754, -272540}"
b"{'ENZ', 1738482439.231, 3605389, 3605367, 3604977, 3604419, 3604519, 3603554, 3604671, 3605401, 3604709, 3604452, 3603922, 3605704, 3605090, 3604018, 3604473, 3604707, 3605423, 3604763, 3605259, 3604855, 3602670, 3603283, 3604661, 3603305, 3603712}"
b"{'ENE', 1738482439.231, -396262, -398298, -401361, -399365, -397197, -399159, -399632, -397206, -397190, -399902, -400208, -399938, -397607, -396034, -398313, -396394, -396712, -398557, -398294, -400140, -399791, -398294, -399415, -399312, -398543}"
b"{'EHZ', 1738482439.481, 16258, 16290, 16278, 16247, 16351, 16256, 16116, 16343, 16319, 16037, 16357, 16379, 16041, 16178, 16472, 16151, 16115, 16357, 16174, 16225, 16347, 16513, 16235, 16297, 16376}"
b"{'ENN', 1738482439.481, -271377, -270891, -272196, -272246, -270572, -269660, -268811, -267867, -268674, -270551, -270909, -270557, -271153, -272356, -271849, -271274, -271726, -271481, -272077, -270506, -269301, -269461, -267581, -269235, -271676}"
b"{'ENZ', 1738482439.481, 3604389, 3604401, 3604959, 3605103, 3604129, 3602881, 3604257, 3604966, 3604965, 3604263, 3604167, 3603893, 3603179, 3603650, 3603513, 3604396, 3604641, 3604070, 3604412, 3605031, 3605341, 3605555, 3604468, 3604529, 3604903}"
b"{'ENE', 1738482439.481, -399411, -400688, -401730, -398262, -397911, -399431, -397268, -398351, -399303, -399688, -400235, -398709, -399741, -399677, -400088, -400117, -397858, -399958, -401127, -399717, -399571, -399500, -398933, -399350, -400863}"
b"{'EHZ', 1738482439.731, 16204, 16199, 16237, 16405, 16259, 16244, 16297, 16266, 16258, 16306, 16248, 16255, 16310, 16268, 16231, 16304, 16314, 16277, 16241, 16249, 16350, 16235, 16293, 16252, 16199}"
b"{'ENN', 1738482439.731, -272899, -271238, -269254, -271872, -270856, -270777, -272474, -270404, -271474, -271484, -271425, -273641, -270081, -270078, -271856, -270929, -271138, -268795, -270601, -272072, -271064, -272440, -273363, -270540, -271590}"
b"{'ENZ', 1738482439.731, 3603714, 3604602, 3604522, 3604357, 3604917, 3604183, 3604121, 3604513, 3603947, 3602869, 3603883, 3603858, 3603927, 3604741, 3604033, 3604503, 3605196, 3605090, 3603315, 3604654, 3606376, 3604395, 3604388, 3604577, 3603047}"
b"{'ENE', 1738482439.731, -401443, -400346, -399841, -401108, -401939, -400831, -400373, -400228, -400336, -400216, -399189, -400164, -399839, -398811, -399318, -400201, -401737, -399134, -399535, -401820, -398891, -398624, -400184, -399920, -400336}"
b"{'EHZ', 1738482439.981, 16202, 16185, 16286, 16300, 16343, 16287, 16278, 16241, 16230, 16253, 16282, 16386, 16318, 16289, 16349, 16423, 16379, 16316, 16332, 16224, 16200, 16165, 16163, 16265, 16183}"
b"{'ENN', 1738482439.981, -273467, -269937, -270614, -269471, -269836, -268929, -268483, -271909, -271157, -270348, -270971, -270826, -270624, -271423, -271016, -271931, -272546, -272009, -271035, -272121, -272645, -271542, -270894, -270078, -271148}"
b"{'ENZ', 1738482439.981, 3603191, 3604589, 3603887, 3604717, 3604893, 3603901, 3604510, 3604034, 3604616, 3604214, 3604040, 3604240, 3603875, 3603725, 3603737, 3604254, 3603744, 3604301, 3605334, 3603851, 3603409, 3605044, 3605333, 3604837, 3604332}"
b"{'ENE', 1738482439.981, -400029, -397552, -397593, -398072, -396546, -396966, -398365, -397213, -398234, -399735, -398097, -398821, -400834, -399098, -400319, -401908, -399168, -400706, -399729, -399113, -400881, -400687, -399144, -398202, -401188}"
b"{'EHZ', 1738482440.231, 16164, 16134, 16144, 16235, 16205, 16217, 16312, 16312, 16264, 16385, 16383, 16344, 16279, 16226, 16239, 16278, 16292, 16273, 16336, 16248, 16257, 16233, 16222, 16293, 16232}"
b"{'ENN', 1738482440.231, -271096, -269833, -269383, -270817, -272710, -272301, -271798, -272537, -270657, -269552, -271436, -270481, -270179, -269781, -269606, -269193, -270309, -272203, -268873, -271440, -272344, -270615, -271622, -269952, -271041}"
b"{'ENZ', 1738482440.231, 3604090, 3604639, 3605341, 3603900, 3603788, 3605050, 3604392, 3604088, 3604173, 3604831, 3605197, 3604666, 3604921, 3604380, 3605033, 3605818, 3605067, 3604907, 3603946, 3604102, 3603911, 3603320, 3605189, 3605835, 3604941}"
b"{'ENE', 1738482440.231, -399674, -397198, -397915, -399141, -400495, -400817, -401171, -400607, -401528, -400187, -400166, -402436, -400497, -400310, -400710, -397940, -398494, -400838, -400203, -399963, -399175, -401653, -400520, -399395, -400835}"
b"{'EHZ', 1738482440.481, 16218, 16268, 16328, 16259, 16214, 16296, 16233, 16109, 16261, 16349, 16225, 16241, 16308, 16175, 16214, 16296, 16277, 16285, 16264, 16250, 16155, 16332, 16453, 16357, 16263}"
b"{'ENN', 1738482440.481, -269865, -269341, -271389, -270625, -271515, -270516, -271431, -270894, -270900, -273338, -269784, -272078, -274062, -271320, -271916, -270319, -271970, -273593, -270638, -270819, -269761, -269658, -270704, -271806, -270973}"
b"{'ENZ', 1738482440.481, 3605253, 3603971, 3602931, 3604196, 3604558, 3604068, 3603434, 3603778, 3604113, 3603704, 3604995, 3605074, 3603567, 3604714, 3603911, 3604250, 3605243, 3604424, 3604129, 3603994, 3604567, 3603673, 3604632, 3604494, 3603628}"
